[img5779copy.jpg]
filters=finetune2=1,0.000000,0.000000,0.000000,00000000,0.029240;TwoTone=1,0.000000,20.000000,0.000000,ff000002,ff462400;
moddate=000013f121d10000
width=3978
height=2345
textactive=0
